-1.03626e-05
-1.03647e-05
-1.0367e-05
-1.03694e-05
-1.03719e-05
-1.03746e-05
-1.03773e-05
-1.03801e-05
-1.0383e-05
-1.0386e-05
-1.03891e-05
-1.03923e-05
-1.03955e-05
-1.03988e-05
-1.04021e-05
-1.04055e-05
-1.0409e-05
-1.04125e-05
-1.04161e-05
-1.04197e-05
-1.04233e-05
-1.0427e-05
-1.04307e-05
-1.04345e-05
-1.04383e-05
-1.04421e-05
-1.04459e-05
-1.04498e-05
-1.04537e-05
-1.04576e-05
-1.04616e-05
-1.04656e-05
-1.04695e-05
-1.04735e-05
-1.04776e-05
-1.04816e-05
-1.04856e-05
-1.04897e-05
-1.04938e-05
-1.04978e-05
-1.05019e-05
-1.0506e-05
-1.05101e-05
-1.05142e-05
-1.05183e-05
-1.05224e-05
-1.05265e-05
-1.05306e-05
-1.05347e-05
-1.05388e-05
-1.05429e-05
-1.0547e-05
-1.0551e-05
-1.05551e-05
-1.05592e-05
-1.05632e-05
-1.05673e-05
-1.05714e-05
-1.05754e-05
-1.05794e-05
-1.05834e-05
-1.05874e-05
-1.05914e-05
-1.05954e-05
-1.05994e-05
-1.06033e-05
-1.06073e-05
-1.06112e-05
-1.06151e-05
-1.0619e-05
-1.06229e-05
-1.06267e-05
-1.06305e-05
-1.06344e-05
-1.06382e-05
-1.06419e-05
-1.06457e-05
-1.06494e-05
-1.06531e-05
-1.06568e-05
-1.06605e-05
-1.06642e-05
-1.06678e-05
-1.06714e-05
-1.0675e-05
-1.06785e-05
-1.06821e-05
-1.06856e-05
-1.06891e-05
-1.06925e-05
-1.0696e-05
-1.06994e-05
-1.07027e-05
-1.07061e-05
-1.07094e-05
-1.07127e-05
-1.0716e-05
-1.07192e-05
-1.07225e-05
-1.07256e-05
